0.000000e+00 0.000000e+00
1.256637e-01 1.542504e-01
2.513274e-01 2.953575e-01
3.769911e-01 4.233214e-01
5.026549e-01 5.381420e-01
6.283185e-01 6.398193e-01
7.539822e-01 7.283532e-01
8.796459e-01 8.037441e-01
1.005310e+00 8.659914e-01
1.130973e+00 9.150957e-01
1.256637e+00 9.510565e-01
1.382301e+00 9.512829e-01
1.507964e+00 9.433861e-01
1.633628e+00 9.273666e-01
1.759292e+00 9.032239e-01
1.884956e+00 8.709583e-01
2.010619e+00 8.305696e-01
2.136283e+00 7.820580e-01
2.261947e+00 7.254235e-01
2.387610e+00 6.606658e-01
2.513274e+00 5.877852e-01
2.638938e+00 4.336746e-01
2.764602e+00 2.876870e-01
2.890265e+00 1.498227e-01
3.015929e+00 2.008104e-02
3.141593e+00 -1.015375e-01
3.267256e+00 -2.150331e-01
3.392920e+00 -3.204057e-01
3.518584e+00 -4.176552e-01
3.644248e+00 -5.067818e-01
3.769911e+00 -5.877854e-01
3.895575e+00 -6.832573e-01
4.021239e+00 -7.655859e-01
4.146903e+00 -8.347712e-01
4.272566e+00 -8.908132e-01
4.398230e+00 -9.337118e-01
4.523893e+00 -9.634673e-01
4.649557e+00 -9.800795e-01
4.775221e+00 -9.835485e-01
4.900885e+00 -9.738742e-01
5.026548e+00 -9.510565e-01
5.152212e+00 -8.559508e-01
5.277876e+00 -7.608451e-01
5.403540e+00 -6.657394e-01
5.529203e+00 -5.706337e-01
5.654867e+00 -4.755279e-01
5.780530e+00 -3.804226e-01
5.906194e+00 -2.853169e-01
6.031858e+00 -1.902112e-01
6.157522e+00 -9.510551e-02
6.283185e+00 1.748456e-07
6.408849e+00 1.542507e-01
6.534513e+00 2.953578e-01
6.660177e+00 4.233216e-01
6.785841e+00 5.381423e-01
6.911504e+00 6.398192e-01
7.037168e+00 7.283533e-01
7.162831e+00 8.037440e-01
7.288495e+00 8.659915e-01
7.414159e+00 9.150956e-01
7.539823e+00 9.510566e-01
7.665486e+00 9.512829e-01
7.791150e+00 9.433862e-01
7.916813e+00 9.273667e-01
8.042478e+00 9.032239e-01
8.168140e+00 8.709584e-01
8.293804e+00 8.305699e-01
8.419468e+00 7.820582e-01
8.545132e+00 7.254237e-01
8.670795e+00 6.606660e-01
8.796459e+00 5.877854e-01
8.922123e+00 4.336748e-01
9.047787e+00 2.876872e-01
9.173450e+00 1.498227e-01
9.299114e+00 2.008107e-02
9.424778e+00 -1.015375e-01
9.550442e+00 -2.150331e-01
9.676105e+00 -3.204057e-01
9.801769e+00 -4.176553e-01
9.927433e+00 -5.067819e-01
1.005310e+01 -5.877855e-01
1.017876e+01 -6.606661e-01
1.030442e+01 -7.254237e-01
1.043009e+01 -7.820582e-01
1.055575e+01 -8.305699e-01
1.068142e+01 -8.709586e-01
1.080708e+01 -9.032239e-01
1.093274e+01 -9.273665e-01
1.105841e+01 -9.433862e-01
1.118407e+01 -9.512829e-01
